#urls from SRA for project PRJDB8176
urls <- c(
  "ftp://ftp.sra.ebi.ac.uk/vol1/fastq/DRR175/DRR175005/DRR175005_1.fastq.gz",
  "ftp://ftp.sra.ebi.ac.uk/vol1/fastq/DRR175/DRR175005/DRR175005_2.fastq.gz",
  "ftp://ftp.sra.ebi.ac.uk/vol1/fastq/DRR175/DRR175019/DRR175019_1.fastq.gz",
  "ftp://ftp.sra.ebi.ac.uk/vol1/fastq/DRR175/DRR175019/DRR175019_2.fastq.gz",
  "ftp://ftp.sra.ebi.ac.uk/vol1/fastq/DRR175/DRR175006/DRR175006_1.fastq.gz",
  "ftp://ftp.sra.ebi.ac.uk/vol1/fastq/DRR175/DRR175006/DRR175006_2.fastq.gz",
  "ftp://ftp.sra.ebi.ac.uk/vol1/fastq/DRR175/DRR175018/DRR175018_1.fastq.gz",
  "ftp://ftp.sra.ebi.ac.uk/vol1/fastq/DRR175/DRR175018/DRR175018_2.fastq.gz",
  "ftp://ftp.sra.ebi.ac.uk/vol1/fastq/DRR175/DRR175007/DRR175007_1.fastq.gz",
  "ftp://ftp.sra.ebi.ac.uk/vol1/fastq/DRR175/DRR175007/DRR175007_2.fastq.gz",
  "ftp://ftp.sra.ebi.ac.uk/vol1/fastq/DRR175/DRR175011/DRR175011_1.fastq.gz",
  "ftp://ftp.sra.ebi.ac.uk/vol1/fastq/DRR175/DRR175011/DRR175011_2.fastq.gz",
  "ftp://ftp.sra.ebi.ac.uk/vol1/fastq/DRR175/DRR175013/DRR175013_1.fastq.gz",
  "ftp://ftp.sra.ebi.ac.uk/vol1/fastq/DRR175/DRR175013/DRR175013_2.fastq.gz",
  "ftp://ftp.sra.ebi.ac.uk/vol1/fastq/DRR175/DRR175017/DRR175017_1.fastq.gz",
  "ftp://ftp.sra.ebi.ac.uk/vol1/fastq/DRR175/DRR175017/DRR175017_2.fastq.gz",
  "ftp://ftp.sra.ebi.ac.uk/vol1/fastq/DRR175/DRR175012/DRR175012_1.fastq.gz",
  "ftp://ftp.sra.ebi.ac.uk/vol1/fastq/DRR175/DRR175012/DRR175012_2.fastq.gz",
  "ftp://ftp.sra.ebi.ac.uk/vol1/fastq/DRR175/DRR175008/DRR175008_1.fastq.gz",
  "ftp://ftp.sra.ebi.ac.uk/vol1/fastq/DRR175/DRR175008/DRR175008_2.fastq.gz",
  "ftp://ftp.sra.ebi.ac.uk/vol1/fastq/DRR175/DRR175009/DRR175009_1.fastq.gz",
  "ftp://ftp.sra.ebi.ac.uk/vol1/fastq/DRR175/DRR175009/DRR175009_2.fastq.gz",
  "ftp://ftp.sra.ebi.ac.uk/vol1/fastq/DRR175/DRR175016/DRR175016_1.fastq.gz",
  "ftp://ftp.sra.ebi.ac.uk/vol1/fastq/DRR175/DRR175016/DRR175016_2.fastq.gz",
  "ftp://ftp.sra.ebi.ac.uk/vol1/fastq/DRR175/DRR175015/DRR175015_1.fastq.gz",
  "ftp://ftp.sra.ebi.ac.uk/vol1/fastq/DRR175/DRR175015/DRR175015_2.fastq.gz",
  "ftp://ftp.sra.ebi.ac.uk/vol1/fastq/DRR175/DRR175010/DRR175010_1.fastq.gz",
  "ftp://ftp.sra.ebi.ac.uk/vol1/fastq/DRR175/DRR175010/DRR175010_2.fastq.gz",
  "ftp://ftp.sra.ebi.ac.uk/vol1/fastq/DRR175/DRR175014/DRR175014_1.fastq.gz",
  "ftp://ftp.sra.ebi.ac.uk/vol1/fastq/DRR175/DRR175014/DRR175014_2.fastq.gz"
)

#function that "w-gets" the urls so i dont have to do it one by one
download_files <- function(urls) {
  for (url in urls) {
    destfile <- basename(url)
    system(paste("wget -O", destfile, url))
  }
}

download_files(urls)

#############################Primer Trimming 
## trimmed one by one lol pain THIS IS WRONG IGRNORE

# 515f, 5′-GTG CCA GCM GCC GCG GTA A-3′
# 806r, 5′-GGA CTA CHV GGG TWT CTA AT-3′
# 
# 1-515F, 5′-TCG TCG GCA GCG TCA GAT GTG TAT AAG AGA CAG GTG CCA GCM GCC GCG GTA A-3′ 
# 1-806R, 5′-GTC TCG TGG GCT CGG AGA TGT GTA TAA GAG ACA GGG ACT ACH VGG GTW TCT AAT-3
# 
# Forward primer, 5′-AAT GAT ACG GCG ACC ACC GAG ATC TAC AC-Index sequence-TCG TCG GCA GCG TC-3′
# Reverse primer 5′-CAA GCA GAA GAC GGC ATA CGA GAT-Index sequence-GTC TCG TGG GCT CGG-3′
# 
# # Loop through each file ending in _1.fastq
# foreach ($read1 in Get-ChildItem -Filter "*_1.fastq") {
#   # Define the corresponding _2 file
#   $read2 = $read1.Name -replace "_1.fastq", "_2.fastq"
#   
#   # Define the output file names
#   $out1 = $read1.Name -replace "_1", "_1.trimmed"
#   $out2 = $read2 -replace "_2", "_2.trimmed"
#   
#   # Run cutadapt command
#   cutadapt -g GTGCCAGCMGCCGCGGTAA -G GGACTACHVGGGTWTCTAAT -o $out1 -p $out2 $read1.Name $read2 | Tee-Object -FilePath "cutadapt.log.txt" -Append
# }




############################
#check my directory so im not working in the wrong folder
system('pwd')
system('ls')
if (!requireNamespace("BiocManager", quietly = TRUE))
  install.packages("BiocManager")
BiocManager::install("dada2")

library(dada2); packageVersion("dada2")

path <- "/cloud/project/HairReads"
######
#sorting my trimmed fastq files that i trimmed using cut adapt
fnFs <- sort(list.files(path, pattern="_1.trimmed.fastq", full.names = TRUE))
fnRs <- sort(list.files(path, pattern="_2.trimmed.fastq", full.names = TRUE))

#extracting the sample names 
sample.names <- sapply(strsplit(basename(fnFs), "_"), `[`, 1)

#checking for quality of all of my forward (fnFs) and reverse (fnRs) reads
plotQualityProfile(fnFs[1:15])
plotQualityProfile(fnRs[1:15])

#putting all of the filtered files into their own directory 
filtFs <- file.path(path, "filtered", paste0(sample.names, "_F_filt.fastq.gz"))
filtRs <- file.path(path, "filtered", paste0(sample.names, "_R_filt.fastq.gz"))
names(filtFs) <- sample.names
names(filtRs) <- sample.names

#filtering parameters 
out <- filterAndTrim(fnFs, filtFs, fnRs, filtRs, truncLen=c(240,160), maxN=0, maxEE=c(2,2), truncQ=2, rm.phix=TRUE, compress=TRUE, multithread=FALSE) 
#On Windows set multithread=FALSE (i have a windows but also this is an environment so it doesn't matter)
head(out)

#learning the error for forward and reverse reads and then plotting the estimated error rates for transitions from nucleotide to nucleotide 
errF <- learnErrors(filtFs, multithread=TRUE)
errR <- learnErrors(filtRs, multithread=TRUE)
plotErrors(errF, nominalQ=TRUE)
plotErrors(errR, nominalQ=TRUE)

#applying "core sample inference algorithm" to our filtered and trimmed reads to find the number of unique reads in sequences
dadaFs <- dada(filtFs, err=errF, multithread=TRUE)
dadaRs <- dada(filtRs, err=errR, multithread=TRUE)

#shows us the denoising results for the forward and reverse reads 
dadaFs[[1]]
dadaRs[[1]]

####################Merging paired reads

#merge the forward and the reverse reads now that they are denoised 
mergers <- mergePairs(dadaFs, filtFs, dadaRs, filtRs, verbose=TRUE)
head(mergers[[1]])

#creating my ASV table and looking at how many samples vs original ASVs 
seqtab <- makeSequenceTable(mergers)
dim(seqtab)

#looking at how many sequences each sample has 
table(nchar(getSequences(seqtab)))

##chimera check and removing them
#identifies chimeras and removes them. i had 180 
seqtab.nochim <- removeBimeraDenovo(seqtab, method="consensus", multithread=TRUE, verbose=TRUE)
dim(seqtab.nochim)

#tells me what percent of the chimeras were removed 
sum(seqtab.nochim)/sum(seqtab)

#tracks made through pipeline 
getN <- function(x) sum(getUniques(x))
track <- cbind(out, sapply(dadaFs, getN), sapply(dadaRs, getN), sapply(mergers, getN), rowSums(seqtab.nochim))

#allows us to visualize how many reads made it through each step of the pipeline
colnames(track) <- c("input", "filtered", "denoisedF", "denoisedR", "merged", "nonchim")
rownames(track) <- sample.names
#just shows a few
head(track)
#shows all 
track
##############################################Naive Bayesian Classifier method for Assigning taxonomy 
list.files("/cloud/project/HairReads")

#assigning taxonomy using the most up to date training det silva nr99 v138.1
taxa <- assignTaxonomy(seqtab.nochim, "/cloud/project/HairReads/silva_nr99_v138.1_train_set.fa.gz", multithread=TRUE)

#assinging species with the most up to date species classification of v138.1
taxa <- addSpecies(taxa, "/cloud/project/HairReads/silva_species_assignment_v138.1.fa.gz")
